0.00013971328735351562
3.4332275390625e-05
2.5033950805664062e-05
2.193450927734375e-05
4.76837158203125e-05
2.2172927856445312e-05
1.9550323486328125e-05
2.2411346435546875e-05
4.267692565917969e-05
2.47955322265625e-05
5.125999450683594e-05
5.793571472167969e-05
5.626678466796875e-05
6.031990051269531e-05
0.00022649765014648438
7.700920104980469e-05
7.271766662597656e-05
8.273124694824219e-05
8.988380432128906e-05
0.00014781951904296875
0.0002346038818359375
0.0002880096435546875
0.0015265941619873047
0.0003993511199951172
0.00046253204345703125
0.00025582313537597656
0.0002837181091308594
0.00047206878662109375
0.0010831356048583984
0.0019774436950683594
0.0032241344451904297
0.002891063690185547
0.0038361549377441406
0.004758119583129883
0.005870819091796875
0.007140398025512695
0.008380651473999023
0.024172544479370117
0.04905343055725098
0.08206486701965332
0.11882662773132324
0.17137622833251953
0.22879719734191895
0.29279637336730957
0.36572909355163574
0.4447150230407715
1.6608128547668457
3.6084139347076416
6.192668437957764
9.588867425918579
16.558836221694946
23.295478582382202
30.43957495689392
37.72835087776184
45.94465494155884
